--[[
Encrypted by Hackers House
Tool : https://hackershouse.tech/online-lua-obfuscator-free-unlimited
Version: 1.1.0
]]
_G["AWZYMBkVB5F"]=function(src)
  local box={__src=src}
  return setmetatable({}, {
    __index=function(_,k) return box.__src[k] end,
    __newindex=function(_,k,v) box.__src[k]=v end
  })
end
_G["AFUfLpzx"]=function(a,b)
  if type(a)~="table" then return nil end
  local mt=getmetatable(a)
  if mt and mt.__index then return a[b] end
  local p=_G["AWZYMBkVB5F"](a)
  return p[b]
end
_G["TgKmbdnepRW8m"]={{k=71,b={158,149,128,179,177,183,151,158,146}},{k=2,b={88,91,121,75,122,120,50,67,110,122,109}},{k=44,b={160,141,142,152,145}},{k=10,b={97,88,67,118,116,122,90,97,85}},{k=175,b={36,229,226,29,242,255,27,223}},{k=19,b={91,70,97,131,88,139,100,94,125,67,130,100,139,136}},{k=45,b={162,99,96,155,112,125,153,93}},{k=137,b={}},{k=139,b={225,228,2,212,3,1,187,204,247,3,246}},{k=119,b={221,236,229,218,235,224,230,229}},{k=23,b={202,201,119,201,201,201,243,219,230,129,151,151,227,230,218,216,227,151,196,197,238,196,204,198,198,176,231,208,191,186,180,170,172,129,151,151,227,230,218,216,227,151,196,231,241,222,204,216,173,202,201,157,201,201,201,4,237,218,207,210,167,189,189,6,3,189,197,197,197,234,235,20,234,242,236,236,214,13,246,229,224,199,234,13,23,4,242,254,211,237,198,202,197,234,235,20,234,242,236,236,214,13,246,229,224,199,234,13,23,4,242,254,211,237,198,202,201,228,201,201,201,8,13,33,33,20,13,4,69,82,72,4,12,12,12,12,49,50,91,49,57,51,51,29,84,61,44,39,15,49,84,94,75,57,69,26,52,13,14,26,13,17,12,12,49,50,91,49,57,51,51,29,84,61,44,39,14,26,13,15,12,49,84,94,75,202,201,146,201,201,201,25,231,243,200,226,188,200,187,187,187,207,207,194,187,178,6,250,247,0,156,254,1,245,243,254,178,230,203,251,10,253,213,217,226,197,215,212,207,197,198,194,156,254,1,245,243,254,178,245,1,243,214,196,227,214,246,3,222,207,194,156,9,250,251,254,247,178,6,4,7,247,178,246,1,156,178,178,251,248,178,230,202,202,213,201,201,201,37,254,46,61,48,24,20,37,8,18,23,250,250,8,1,5,245,65,45,50,43,207,245,245,245,245,56,44,54,17,7,38,17,49,70,9,250,56,44,54,17,7,38,17,49,70,9,240,6,207,245,245,245,245,46,51,245,237,56,44,54,17,7,38,17,49,70,9,239,4,238,234,237,56,44,54,17,7,38,17,49,70,9,239,4,238,250,250,5,245,65,45,50,202,203,15,222,6,201,240,21,175,243,188,172,231,214,142,226,159,62,184,121,16,125,41,255,175,88,235,126,88,175,243,188,172,231,214,142,226,159,62,184,121,16,20,255,83,83,202,203,7,204,116,201,7,103,54,81,51,37,103,103,54,75,96,54,66,57,103,3,178,66,111,72,208,220,247,160,214,205,190,190,169,157,151,103,99,63,54,81,37,103,37,103,37,36,220,24,127,57,102,81,48,99,66,84,81,127,130,75,84,48,42,75,103,72,190,202,202,233,201,201,201,8,209,209,209,225,217,212,218,221,210,214,218,221,210,212,209,221,214,221,210,210,228,21,24,12,10,21,201,11,230,36,209,209,218,226,219,211,218,210,212,209,219,217,214,219,217,210,210,213,209,209,218,226,221,211,218,210,212,209,218,224,214,218,224,202,203,231,224,112,201,250,150,150,219,127,127,78,239,170,196,193,150,242,193,150,219,127,127,78,6,55,173,78,150,196,127,78,101,242,78,101,150,150,219,127,127,127,78,6,193,196,124,150,242,124,150,196,127,78,124,202,203,252,224,112,201,9,7,99,145,171,171,55,73,38,245,58,220,107,119,148,148,148,99,217,191,171,7,191,171,217,148,122,122,7,122,122,171,171,240,33,202,220,248,245,220,176,245,225,179,176,220,150,119,202,41,107,87,7,153,73,220,107,38,220,150,96,148,148,148,76,202,201,74,201,201,201,245,117,123,125,115,119,123,125,115,117,114,123,130,119,123,130,115,115,106,190,178,175,184,106,192,135,192,117,114,114,114,124,127,128,117,123,128,115,119,123,128,115,117,114,124,202,202,118,201,201,201,238,102,73,104,102,77,77,86,145,140,146,95,86,152,191,141,185,89,167,162,168,141,140,147,76,151,142,149,168,78,164,77,86,145,140,146,95,86,202,201,217,201,201,201,26,75,62,77,78,75,71,249,77,58,59,69,62,7,60,72,71,60,58,77,1,59,2,249,62,71,61,2,1,2,54,1,33,12,39,73,30,81,42,36,67,9,72,42,81,78,1,1,10,4,14,13,6,14,13,2,2,2,227,47,50,80,34,81,79,9,26,69,81,68,1,56,32,52,76,77,75,66,71,64,7,60,202,201,155,201,201,201,241,3,252,13,195,195,195,195,204,203,206,198,204,210,196,200,204,210,196,198,195,204,209,200,204,209,196,196,199,195,195,195,204,203,206,198,206,196,200,206,196,202,202,232,201,201,201,6,253,0,242,251,242,255,255,255,11,252,0,66,51,58,69,52,63,57,58,0,255,60,57,69,71,60,8,61,235,0,0,247,241,248,253,242,255,251,242,255,237,60,57,69,71,60,8,70,235,45,0,0,247,247,254,247,255,253,0,247,239,202,201,37,201,201,201,19,82,86,94,78,78,81,77,77,87,87,80,86,94,78,82,86,94,78,81,77,77,86,90,79,86,78,80,77,94,82,94,78,78,81,77,77,87,93,80,90,78,82,90,78,81,77,77,88,85,79,86,78,80,77,86,93,82,86,93,78,78,162,96,139,148,151,69,142,98,77,77,86,79,86,202,202,77,201,201,201,31,118,120,117,127,125,114,127,125,118,118,113,112,175,109,169,180,109,177,180,176,174,177,109,187,130,175,168,182,162,114,184,136,109,182,171,109,187,129,117,117,125,120,126,122,118,114,126,122,118,109,185,181,170,179,109,187,130,187,120,117,117,117,127,122,123,120,124,118,114,124,118,120,117,126,133,114,126,133,118,118,109,170,179,169,136,109,202,201,80,201,201,201,26,178,171,185,173,141,195,196,194,185,190,183,126,179,184,177,194,120,198,121,112,181,190,180,139,112,194,181,196,197,194,190,112,196,177,178,188,181,126,179,191,190,179,177,196,120,178,121,112,181,190,180,121,120,121,121,120,152,131,158,192,149,200,161,155,186,128,191,161,200,197,120,120,130,123,133,136,125,133,136,121,121,202,201,143,201,201,201,248,184,153,175,175,175,175,227,200,248,7,250,210,214,223,194,212,209,204,192,191,195,195,153,175,175,244,251,2,244,153,175,175,175,175,241,1,244,240,250,153,175,175,244,253,243,153,175,202,201,62,201,201,201,13,94,167,164,94,161,173,159,130,112,143,130,162,175,138,124,112,94,159,172,162,94,146,119,167,182,169,129,133,142,113,131,128,123,123,116,112,110,94,178,166,163,172,94,146,119,167,182,169,129,133,142,113,131,128,123,111,110,114,114,94,163,172,162,72,163,172,162,72,202,201,30,201,201,201,1,62,62,131,138,145,131,135,132,62,70,70,70,107,108,149,107,115,109,109,87,142,119,102,97,75,107,108,149,107,115,109,109,87,142,119,102,97,71,73,79,71,91,91,80,71,62,146,134,131,140,40,62,62,62,62,138,202,202,35,201,201,201,13,254,2,4,255,67,209,241,235,254,242,0,219,211,233,244,48,51,25,67,67,67,67,246,251,252,255,8,67,209,241,235,254,242,0,219,211,233,244,47,52,67,7,254,67,209,241,235,254,242,0,219,211,233,244,48,209,241,235,254,242,0,219,211,233,244,58,52,67,202,202,38,201,201,201,243,1,252,2,32,70,70,1,250,247,1,32,70,70,70,70,250,251,7,5,250,70,216,248,238,251,247,249,222,214,240,245,41,62,55,49,63,56,49,61,57,62,55,202,203,172,206,150,201,14,181,131,166,181,121,222,76,76,76,76,185,170,76,70,230,4,215,235,205,20,60,14,225,34,221,156,76,240,180,165,210,76,70,230,4,215,235,205,20,60,14,225,221,70,230,4,215,235,205,20,60,14,225,131,161,76,165,210,160,222,76,76,165,210,160,222,165,210,160,203}},{k=97,b={213}},{k=69,b={176,186,167,167,150,184,181,118,191,150,172,158}}}
_G["NwTkNFfO9ydtC"]=function(i)
  local e=_G["TgKmbdnepRW8m"][i]
  local t={}
  for j=1,#e.b do
    t[j]=e.b[j]-e.k
    if t[j]<0 then t[j]=t[j]+256 end
  end
  local __u=table.unpack or unpack
  local out=string.char(__u(t))
  local nk=((e.k*33)+17)%251+1
  local nb={string.byte(out,1,#out)}
  for j=1,#nb do nb[j]=(nb[j]+nk)%256 end
  e.k=nk; e.b=nb
  return out
end
local function mMtNG4ONbsEl()
  if type(_G["AFUfLpzx"])~="function" then return false end
  if type(_G["TgKmbdnepRW8m"])~="table" then return false end
  return true
end
do
  if not mMtNG4ONbsEl() then
    local __t=nil
    __t()
  end
end
local function Z_6xlEBm(x)
  local F8MYJaFnq=(x*15)-(x*15)
  local HQPH5pZg=(F8MYJaFnq+52)-52
  if HQPH5pZg~=0 then return x end
  return x
end
Z_6xlEBm(1)
do local F8MYJaFnq=1; local HQPH5pZg=1; if (F8MYJaFnq+HQPH5pZg)==3 then F8MYJaFnq=F8MYJaFnq+1 end end
do local fmwZk_YZN=0; while fmwZk_YZN<1 do fmwZk_YZN=fmwZk_YZN+1 end end
do local hkjCqskbKtV=1; local ZoPPMLp=0
  while true do
    if hkjCqskbKtV==1 then
      ZoPPMLp=ZoPPMLp+1
      if ((ZoPPMLp*11)-(ZoPPMLp*11))==0 then hkjCqskbKtV=2 else hkjCqskbKtV=3 end
    elseif hkjCqskbKtV==2 then
      if (61-61)~=0 then ZoPPMLp=ZoPPMLp+9 end
      break
    else
      break
    end
  end
end
repeat local LI6Am0f4bX=0; LI6Am0f4bX=LI6Am0f4bX+1 until LI6Am0f4bX>0
local yYOrhB0EvZ3PN="\69\69\4\68\68\68\158\232\243\14\36\36\240\243\231\229\240\36\214\227\198\215\200\198\246\242\209\242\65\53\57\14\36\36\240\243\231\229\240\36\232\214\214\207\58\230\233\246\220\60\219\233\236\65\55\61\14\36\36\237\234\36\44\44\44\214\227\198\215\200\198\246\242\209\242\46\232\214\214\207\58\230\233\246\220\60\219\233\236\45\49\44\214\227\198\215\200\69\70\113\71\239\68\133\55\199\187\88\187\239\157\103\103\82\19\151\160\199\121\25\118\160\169\236\236\40\40\1\236\209\148\187\157\209\233\233\233\233\103\142\55\106\61\55\199\187\88\187\242\157\103\103\82\19\151\160\199\121\25\118\160\169\236\239\10\236\248\233\233\69\70\163\71\239\68\112\153\192\105\156\111\105\249\237\138\237\33\60\30\36\27\207\153\153\132\69\201\210\249\171\75\168\210\219\33\60\30\30\30\90\90\51\30\3\255\219\210\237\193\231\69\68\166\68\68\68\106\21\9\7\18\198\239\8\235\233\32\13\235\249\216\27\244\233\227\217\218\214\176\18\21\9\7\18\198\28\22\233\0\27\255\218\220\22\18\69\68\41\68\68\68\117\161\110\146\108\102\89\51\160\145\146\149\142\73\157\155\158\142\73\141\152\51\73\73\146\143\73\114\139\110\108\163\144\110\124\91\158\119\108\102\102\92\93\89\73\157\145\142\151\51\69\68\231\68\68\68\109\7\7\7\7\93\87\42\65\92\64\27\29\87\83\95\44\80\42\36\93\87\42\65\92\64\27\29\87\83\95\44\80\42\18\24\241\7\7\7\7\80\69\68\155\68\68\68\141\1\187\195\17\11\222\245\16\244\207\209\11\7\19\224\4\222\197\210\196\200\195\17\11\222\245\16\244\207\209\11\7\19\224\4\222\197\210\196\216\216\203\187\15\3\0\9\187\228\253\224\222\21\2\224\238\205\16\233\222\216\210\207\203\187\0\7\14\0\187\228\253\224\69\70\232\91\235\68\156\237\222\41\27\93\102\107\234\237\99\79\79\240\217\200\251\202\228\206\200\200\251\156\61\251\87\18\200\119\182\27\237\222\41\27\93\102\107\234\237\99\99\217\148\56\200\84\64\251\202\206\206\206\206\206\206\113\73\21\234\153\116\133\234\50\18\1\7\199\228\84\237\128\128\79\197\148\125\243\148\125\151\151\67\99\18\107\202\69\69\9\68\68\68\114\234\245\240\238\239\49\206\0\1\53\200\200\243\229\211\207\215\210\197\58\234\53\48\19\41\41\237\238\234\232\237\41\239\251\245\198\199\234\243\217\243\247\211\213\241\225\69\69\163\68\68\68\135\87\114\166\104\68\68\112\113\128\166\84\106\107\175\98\98\121\127\89\85\77\88\95\176\128\175\102\153\195\195\113\126\111\110\113\117\195\98\93\78\125\87\115\105\107\187\68\92\183\187\125\110\117\128\111\122\116\117\187\186\119\116\128\130\119\195\120\69\68\98\68\68\68\150\159\138\138\147\153\152\140\147\139\141\138\147\155\143\147\155\139\139\157\206\209\197\195\206\130\196\159\221\138\138\149\151\141\147\147\139\143\147\147\139\142\138\138\148\147\141\147\153\139\143\147\153\139\142\138\138\149\152\141\147\152\139\143\147\152\139\142\148\155\142\138\138\148\147\141\149\139\143\149\139\142\138\69\69\22\68\68\68\119\62\37\40\61\42\63\67\42\63\66\39\41\66\62\62\37\40\61\39\40\63\67\39\40\63\66\62\62\39\41\61\39\40\63\67\39\40\63\66\62\62\39\46\60\39\63\61\62\36\36\67\69\70\214\71\239\68\134\108\108\81\81\90\78\78\108\126\87\105\111\81\93\105\111\81\90\108\105\77\135\8\35\44\54\17\141\78\78\105\84\105\81\87\78\105\129\93\105\129\81\81\90\63\252\54\2\35\54\26\35\255\249\26\54\56\141\252\231\17\237\93\23\135\54\69\70\125\79\231\68\117\0\223\221\143\17\141\221\121\245\212\55\221\143\28\143\86\53\53\163\196\207\75\152\64\86\53\152\152\108\152\152\64\64\221\212\55\201\6\221\179\102\0\124\28\110\121\99\0\55\69\68\38\68\68\68\129\141\84\137\142\135\152\78\156\79\70\139\148\138\97\70\152\139\154\155\152\148\70\154\135\136\146\139\84\137\149\148\137\135\154\78\136\79\70\139\148\138\79\78\79\79\78\161\163\82\70\161\48\70\70\70\70\133\133\143\148\138\69\69\39\68\68\68\142\202\223\34\201\218\209\196\219\206\208\209\15\210\197\31\0\215\246\253\19\247\20\242\240\26\221\244\14\7\213\202\219\218\213\209\7\209\213\219\232\233\196\205\247\205\217\237\251\207\255\243\214\17\0\0\212\213\196\252\247\20\242\240\26\221\244\2\7\202\209\203\19\45\7\69\70\132\81\9\68\157\36\36\36\87\87\26\165\143\217\26\152\165\156\157\178\117\26\139\104\217\39\26\140\18\83\169\91\143\66\40\152\109\213\130\192\148\213\182\226\191\87\70\92\192\243\178\204\22\122\92\78\213\174\66\235\39\153\36\26\78\104\31\18\139\230\148\230\130\70\200\204\252\96\65\218\87\87\91\78\139\35\148\213\182\226\191\87\70\92\69\69\198\68\68\68\122\35\3\45\40\46\28\16\254\52\27\20\248\5\49\230\43\48\42\204\230\230\67\239\204\43\48\42\204\33\9\29\16\57\26\45\16\8\40\17\255\63\42\58\5\238\238\244\237\251\247\243\251\247\239\69\70\192\75\251\68\140\223\75\107\138\243\194\117\236\159\201\194\216\243\222\198\163\54\58\208\15\103\233\243\58\236\244\1\142\187\79\254\159\187\198\51\187\65\89\89\223\6\160\160\159\138\160\89\177\61\216\138\243\194\117\236\159\201\194\216\223\180\201\117\103\180\160\173\107\216\216\23\51\69\70\80\79\231\68\129\173\41\184\19\63\184\19\217\244\21\145\123\244\176\134\239\153\8\8\8\107\173\41\107\184\19\63\107\184\19\41\8\140\63\140\19\19\52\8\8\118\118\30\107\19\41\8\107\129\63\107\129\19\19\52\8\8\107\129\30\107\69\70\140\91\235\68\105\59\105\36\243\56\151\243\56\59\59\128\36\36\10\82\243\59\105\36\56\151\56\59\59\199\217\182\133\202\108\251\7\36\36\243\105\10\69\68\232\68\68\68\155\17\21\26\17\20\11\74\8\76\87\8\84\87\75\73\84\8\94\37\74\67\81\69\21\83\35\8\81\78\8\94\36\24\8\92\80\77\86\8\94\37\94\19\16\16\26\29\30\18\25\17\19\16\33\21\33\17\17\8\77\86\76\35\8\74\67\81\69\37\91\92\90\81\86\79\22\75\80\73\90\16\94\17\8\77\86\76\69\70\32\85\53\68\137\11\64\178\213\212\229\178\110\64\212\145\162\76\213\46\179\127\110\179\145\212\200\162\217\64\213\110\196\217\200\217\77\200\229\178\10\181\26\182\144\41\145\95\229\182\212\217\126\45\78\7\180\59\78\198\230\95\233\41\196\212\147\200\200\131\251\165\80\29\69\70\180\79\231\68\119\251\196\119\119\20\176\44\11\110\20\154\11\176\187\154\110\20\110\55\88\20\11\110\0\34\20\20\88\121\245\223\88\20\171\6\248\22\99\39\6\187\11\187\69\251\229\209\154\83\201\193\69\69\14\68\68\68\145\213\38\240\3\232\237\2\231\233\232\38\39\234\233\237\239\234\46\229\59\38\38\63\62\37\54\39\43\54\39\53\234\233\237\239\234\46\236\59\245\38\38\63\63\61\36\63\39\37\38\65\43\65\39\39\42\38\38\63\63\63\36\63\39\37\38\60\61\43\60\61\39\39\42\38\38\38\69\68\210\68\68\68\107\3\4\8\253\8\251\255\8\251\253\250\3\6\255\3\6\251\251\254\250\250\3\3\11\252\3\251\253\250\4\4\255\4\4\251\251\254\250\250\69\69\175\68\68\68\106\158\158\158\132\161\134\138\161\134\139\135\135\135\158\157\161\132\161\134\138\161\134\132\135\156\138\156\134\134\139\135\135\158\159\160\133\158\134\69\68\111\68\68\68\114\154\151\164\156\164\152\152\155\151\151\160\161\165\153\160\152\154\151\160\159\156\160\159\152\152\155\151\151\160\159\166\154\165\152\156\165\152\155\151\151\160\159\167\154\160\161\69\68\151\68\68\68\156\192\196\200\201\192\195\191\191\191\200\200\207\194\200\203\192\196\200\203\192\194\191\201\200\196\201\200\192\192\195\191\191\191\200\200\200\194\200\203\192\196\200\203\192\194\191\201\199\196\201\199\192\192\20\210\253\6\9\183\0\212\191\191\200\194\200\199\192\196\200\199\192\195\186\249\183\251\6\183\3\6\250\248\3\183\13\212\249\69\69\173\68\68\68\106\118\68\120\136\70\150\141\68\83\141\99\153\133\133\133\157\134\148\132\136\148\132\134\133\163\136\163\132\132\141\97\69\80\75\141\99\152\99\69\69\89\68\68\68\129\130\129\129\129\107\100\103\130\104\101\128\124\104\101\128\130\129\104\103\124\104\103\128\128\121\180\191\181\114\121\187\146\192\140\108\170\165\171\192\191\182\127\186\193\184\171\129\167\128\121\180\191\181\114\121\171\180\165\164\171\191\69\68\251\68\68\68\125\27\111\92\93\103\96\41\94\106\105\94\92\111\35\93\36\27\96\105\95\36\35\36\88\35\112\109\69\64\85\49\107\116\92\74\112\49\111\36\5\27\27\100\97\27\64\49\71\97\104\52\49\112\96\112\78\48\69\68\198\68\68\68\127\249\61\56\230\39\52\42\230\11\252\18\44\51\255\252\59\43\59\25\251\249\61\56\244\37\37\47\52\42\43\62\230\58\46\43\52\230\56\43\58\59\56\52\230\59\56\16\11\32\252\54\63\39\21\59\252\58\33\61\69\68\193\68\68\68\118\3\46\250\19\42\46\11\246\46\248\32\32\30\225\38\47\37\203\225\225\45\48\36\34\45\225\16\53\4\40\13\59\37\11\34\43\241\26\21\59\36\50\254\32\8\28\15\56\21\44\69\70\0\85\53\68\143\46\166\198\63\201\9\164\180\115\168\168\116\219\65\48\253\65\48\185\185\45\168\197\146\234\149\250\150\112\9\113\63\197\150\180\185\170\32\32\146\181\180\197\146\78\32\63\180\115\215\12\26\164\234\113\10\48\233\148\26\147\129\11\231\98\61\201\114\249\61\234\133\61\167\79\69\69\205\68\68\68\132\26\24\199\48\43\49\199\26\18\22\11\66\33\38\11\19\51\10\244\52\49\65\14\229\229\0\230\2\0\232\2\0\228\228\24\248\54\54\38\248\229\229\229\252\255\252\230\0\228\232\0\228\230\229\255\254\232\255\254\228\228\233\47\248\69\70\225\87\95\68\134\2\151\113\189\37\217\217\151\170\246\18\132\9\236\56\132\9\236\37\217\217\217\151\132\9\18\132\208\236\56\132\208\236\18\217\132\9\56\132\9\236\236\37\217\217\151\170\208\18\28\236\56\28\236\37\217\217\151\170\246\255\132\236\18\217\189\69\69\122\68\68\68\113\95\70\99\99\94\72\72\68\94\98\98\72\73\75\97\75\70\99\95\75\70\99\94\98\98\72\72\70\96\75\99\97\98\75\83\95\75\83\99\99\94\98\98\75\71\69\70\215\87\95\68\141\160\245\122\226\8\207\122\179\46\122\179\226\226\27\207\207\141\160\236\245\122\226\8\207\122\179\46\122\179\226\226\27\207\207\207\141\141\198\8\198\226\46\198\226\8\207\122\18\46\122\18\226\226\27\207\207\141\141\141\245\122\226\8\207\198\46\198\226\226\27\207\207\122\69\68\246\68\68\68\113\43\41\32\39\31\33\30\39\45\35\39\45\31\31\34\30\30\30\40\41\44\33\39\40\31\35\39\40\31\33\30\40\40\35\40\40\31\31\34\30\30\40\40\38\32\69\69\31\68\68\68\109\46\54\52\55\46\38\58\46\38\54\54\59\55\55\45\44\50\53\46\54\52\55\49\58\49\54\54\59\55\55\45\45\49\52\46\44\54\58\46\44\54\69\68\255\68\68\68\148\43\39\39\49\50\50\42\48\53\40\44\48\53\40\43\39\39\49\50\54\42\48\50\40\44\48\50\40\43\39\39\48\53\54\41\48\40\42\39\48\48\44\48\48\40\40\43\39\39\48\53\54\42\48\55\40\44\48\55\40\43\39\39\39\48\53\54\42\48\48\40\44\48\48\40\42\39\48\55\44\69\70\80\71\239\68\111\227\248\203\203\199\199\212\193\145\7\200\200\200\248\227\209\227\242\203\215\227\242\203\209\200\227\239\215\227\239\203\203\212\118\7\193\200\200\227\242\248\206\227\69\70\126\75\251\68\137\157\171\150\213\241\185\213\241\157\157\178\150\150\213\6\220\164\213\157\171\150\6\185\6\157\157\178\150\150\150\213\6\13\171\227\157\185\227\157\171\150\220\206\185\220\206\157\157\178\150\150\213\6\206\171\220\157\185\220\157\178\150\150\213\13\220\164\213\157\69\68\195\68\68\68\151\238\235\244\251\240\244\251\236\236\239\235\235\235\244\252\243\238\251\236\240\251\236\238\235\246\240\246\236\236\239\235\235\244\251\245\237\244\236\238\235\245\245\240\245\245\236\236\239\235\235\235\244\244\246\238\252\236\240\252\236\238\235\244\251\240\244\251\236\236\239\235\235\235\244\252\250\238\244\245\236\240\244\245\69\70\86\91\235\68\134\5\51\238\212\212\97\212\212\5\5\74\238\238\238\189\117\212\51\189\212\5\97\189\212\5\51\238\189\25\97\189\25\5\5\74\238\238\189\189\235\51\189\166\5\97\189\166\5\74\238\238\238\189\117\166\51\189\2\5\97\189\2\5\51\238\212\69\68\253\68\68\68\120\47\42\47\47\38\38\41\37\37\37\47\45\47\40\50\38\42\50\38\40\37\46\51\42\46\51\38\38\41\46\46\48\41\37\37\37\46\54\51\40\46\54\38\42\46\54\38\40\37\53\42\53\69\69\243\68\68\68\157\202\202\199\203\203\226\219\227\200\220\202\198\220\202\199\203\203\203\226\218\222\200\226\224\202\198\226\224\202\200\203\226\226\198\226\226\202\202\199\203\203\226\219\221\201\226\202\200\203\226\223\198\226\223\202\202\199\203\203\226\218\224\200\218\202\198\218\202\199\226\218\220\22\22\22\233\52\44\56\37\28\63\8\37\45\13\36\218\26\69\68\190\68\68\68\118\34\50\1\230\230\244\233\239\238\244\235\239\238\244\231\231\27\251\36\51\44\33\50\39\45\44\230\6\11\245\55\17\12\40\255\8\36\36\231\200\222\222\42\45\33\31\42\222\32\54\69\70\187\71\239\68\146\228\186\240\99\144\144\23\99\141\114\216\144\204\165\32\183\
